strategies 5

begin 6
wpt -50,-50,0,0,0
wpt 400,-50,2,0,0
wpt -200,-200,7,0,0
wpt 0,50,2,1,750000
wpt 700,-50,2,0,0
wpt 999999,999999,0,2,750000

begin 5
wpt 1450,0,0,0,0
wpt 1450,1050,0,0,0
wpt 850,1250,0,0,0
wpt 850,1650,0,0,0
wpt 0,1650,0,0,0


begin 4
wpt 800,750,0,0,0
wpt 1450,750,0,0,0
wpt 850,1250,0,0,0
wpt 400,1350,0,0,0


begin 3
wpt 1450,450,0,0,0
wpt 600,1100,0,0,0
wpt 400,1650,0,0,0


begin 4
wpt 600,850,0,0,0
wpt 600,1650,0,0,0
wpt 0,1600,0,0,0
wpt 1450,0,0,0,0


fixed 100
str 1
str 0
str 2
str 0
str 3
str 0
str 4
str 0
